20
47
93 14 17 75 74 73 86 59 37 19 45 58 42 76 12 21 1 93 97 50 47 68 16 7 10 0 15 55 3 90 25 85 29 10 58 61 21 45 74 69 65 4 59 14 21 100 74 
38
5 4 16 87 8 68 97 88 29 17 63 22 82 38 25 11 27 48 74 1 89 72 3 57 90 63 23 5 96 64 9 39 41 45 6 21 58 86 
6
83 71 81 67 98 51 
6
61 78 91 74 94 40 
38
8 87 10 86 55 81 86 100 95 21 28 81 71 29 43 1 23 96 52 84 16 56 84 46 15 92 25 28 15 33 85 13 40 93 56 5 11 76 
4
69 40 30 85 
3
9 77 8 
7
19 34 32 89 5 11 38 
22
99 25 71 54 6 20 28 28 3 39 98 67 42 27 85 89 73 7 90 31 22 16 
27
7 72 42 53 63 51 20 45 90 99 24 2 91 46 3 67 81 95 37 92 77 29 61 13 76 12 43 
33
8 0 31 96 42 56 99 64 18 44 7 20 68 88 33 33 76 60 18 43 55 11 53 81 8 42 26 50 41 38 57 100 65 
31
51 33 60 73 66 16 68 39 51 44 38 35 35 2 66 97 8 24 74 96 13 92 49 27 74 72 34 73 34 45 44 
22
92 87 63 4 21 26 12 58 64 39 53 31 8 65 48 59 37 93 66 54 38 89 
30
63 79 77 75 73 46 59 60 30 87 10 42 1 90 1 45 46 55 42 79 14 86 78 22 59 81 27 85 26 64 
31
79 13 80 1 33 48 63 80 65 41 78 55 58 44 93 32 41 38 97 52 55 28 81 27 63 35 10 34 25 51 97 
29
63 26 8 59 43 94 28 72 83 61 28 62 32 46 71 24 73 21 80 39 72 37 17 19 22 100 33 20 25 
3
99 60 9 
7
9 17 49 90 90 0 65 
35
57 19 39 1 12 10 54 34 36 23 22 16 43 59 54 85 7 26 26 3 72 19 62 59 59 0 23 98 37 47 86 90 44 28 32 
45
35 75 82 36 54 34 28 28 91 5 42 19 33 87 9 99 17 30 27 51 29 59 41 53 39 86 75 63 43 36 22 99 36 49 15 11 5 45 50 44 37 85 34 22 99